661     2899
610     1148
590     2411
574     1370
572     2360
512     2098
511     2097
455     1265
455     1851
+455	1890
+455	1899
438     1774
433     1737
403     1629
402     1616
395     900
387     1558
377     880
362     1448
353     1444
321     1295
314     1277
190     632
186     962
168     665
159     643
145     572
143     580
137     998
437     2174
132     706
129     521
98      146
67      127
65      389
57      209
55      22
51      204
48      263
14      196
12      184
6       218
